sv_servername="wafflehome"
sv_maxplayers=5
sv_password="waffle"
sv_port=64090
sv_steamaccount=1E9ED7374DBA410275E4D921079B91A8
g_pinglimit=0
g_pingLimitTimer=999999
http_startserver=1
http_password="waffle"
mis_gameserverid=1
steam_ugc=2444612166,1699198355,2154545556,1942750114,2924711572,2925733806,2434285686,3003798801,1783333318,1687007038,2485861655,2150430950,2150407641,2465308588,1758368397,1877521500,1762205844,1769423879
wm_timeScale=0.5
wm_timeScaleNight=16.0
ism_percent=30
ism_maxCount=1125
wm_timeScaleWeather=0.5
g_playerFoodDecay=0.13885
g_playerWaterDecay=0.24305
wm_forceTime=10
g_respawnAtBaseTime=1
